600 242 1210
115 485 538 146 164 2 76 27 127 8 595 223 576 213 281 335 73 463 153 502 534 82 102 220 219 274 526 236 258 584 192 373 463 124 65 21 277 292 200 403 299 189 172 422 554 453 151 173 462 455 69 542 83 170 156 302 595 76 537 248 207 123 167 64 398 383 237 69 69 436 19 368 19 190 336 119 189 486 291 197 488 359 133 570 75 289 266 65 516 349 464 117 18 177 333 415 559 569 31 22 399 49 541 569 390 271 83 579 304 525 170 186 431 455 150 505 138 568 116 48 311 126 317 329 302 44 290 407 7 320 581 557 520 516 520 305 334 149 430 32 221 599 369 46 448 65 97 132 27 213 180 490 490 43 365 187 86 201 593 244 521 115 195 587 26 261 286 511 562 110 542 177 256 457 374 250 521 470 382 95 229 108 584 266 302 495 452 387 90 591 177 157 101 523 139 278 330 424 335 286 81 423 9 336 274 534 132 189 551 60 283 174 319 413 591 15 454 437 553 544 575 124 95 222 41 385 46 523 204 380 355 436 197 364 166 470 444 449 205 389 509 35 110 374 599 95 541 448 79 488 538 48 159 179 421 351 564 466 268 162 240 18 597 588 533 309 452 371 304 203 155 359 237 416 128 231 510 63 225 135 97 157 182 255 335 149 1 293 9 268 1 400 437 597 382 364 452 380 282 151 583 588 509 366 398 183 143 454 397 367 589 494 523 317 143 253 466 295 92 21 110 93 573 546 236 501 457 83 276 285 385 405 267 440 165 211 170 308 59 566 221 194 1 139 511 296 543 523 590 29 543 246 273 510 339 509 406 342 138 228 21 522 27 287 508 343 497 72 197 102 185 418 296 185 103 353 480 192 270 12 220 207 409 40 264 142 548 64 483 80 443 503 148 16 336 202 358 379 426 102 481 5 66 323 341 320 70 368 511 491 531 277 92 334 316 507 476 258 117 505 489 559 403 31 574 133 385 479 512 205 127 539 361 344 408 96 58 477 10 115 362 540 391 605 421 254 54 291 58 170 190 547 124 139 124 244 424 508 269 482 107 395 415 14 133 217 110 190 240 271 304 148 206 242 299 21 495 352 463 552 522 199 40 192 338 164 435 156 218 99 32 477 40 598 490 173 361 146 514 147 417 365 294 169 1 592 341 42 339 198 140 407 396 180 598 280 495 579 587 259 72 165 130 264 309 167 436 64 312 496 210 275 255 50 443 407 37 178 600 527 527 135 328 318 466 320 144 507 293 126 160 517 290 442 175 599 3 157 209 466 47 571 136 454 15 578 407 203 303 402 124 224 83 451 541 95 317 232 601 157 357 307 68 193 143 394 338 297 97 94 158 295 59 293 143 73 417 550 428 114 
1103 551 338 580 549 1030 69 260 656 821 416 1164 522 30 147 665 423 636 1113 66 124 60 361 787 504 50 407 921 599 229 1034 491 931 313 12 269 133 232 529 788 1052 1096 894 364 1126 1040 1180 490 617 1082 556 741 1142 916 469 587 965 1027 297 506 45 273 1148 976 585 102 186 717 333 714 447 175 600 130 690 667 111 659 1156 727 530 501 409 613 358 1030 1200 265 846 438 922 1043 710 859 808 237 960 993 1105 235 649 493 409 190 622 1098 856 884 698 801 553 169 244 961 934 601 780 1075 1017 568 302 728 400 1164 529 1207 342 430 1141 236 664 731 729 14 920 292 1111 717 1176 750 308 518 919 703 420 642 93 142 506 52 709 959 779 1108 912 97 46 43 527 128 431 132 1011 1159 146 720 392 198 227 357 948 686 1026 656 178 388 87 422 529 744 473 179 492 194 76 194 442 273 388 1120 400 818 42 200 918 187 1072 100 384 240 608 121 1077 424 776 44 963 1014 617 281 547 1090 459 1039 225 686 174 666 1110 713 576 299 321 617 651 180 955 664 431 128 1055 1039 401 921 404 118 964 156 74 370 588 620 401 1046 600 625 673 925 233 572 428 808 1022 900 366 614 21 110 67 452 389 1121 280 941 983 835 1059 736 990 1132 48 367 693 600 354 235 15 1178 1159 399 539 528 1206 502 369 513 1116 390 774 124 841 1162 187 62 893 1169 896 893 695 675 966 894 1193 448 283 336 682 449 455 783 847 993 252 994 284 621 448 341 1010 11 465 640 115 651 701 1159 761 538 841 397 2 596 80 136 1195 515 623 819 1115 1077 391 904 1011 642 687 236 52 1135 577 3 87 1193 642 201 785 284 149 335 973 989 732 1126 526 963 51 511 267 673 119 172 691 661 1075 491 92 703 727 296 779 93 298 866 227 1092 1066 1011 317 5 135 80 1145 1018 1205 461 771 198 1123 1189 870 183 150 351 843 166 993 1086 869 509 171 589 753 621 244 979 654 100 779 970 256 1066 1049 190 873 1196 802 585 183 714 564 1204 896 865 496 680 1031 279 556 841 787 878 219 330 288 615 250 941 866 1029 853 1121 1036 843 252 850 828 1054 225 1162 709 788 1156 547 594 441 168 414 719 723 196 448 391 567 929 830 1181 1178 561 836 1148 203 898 973 1045 1149 765 815 1144 989 766 795 718 711 283 101 94 450 667 964 1173 862 201 505 218 71 124 340 39 684 117 128 1038 1014 43 1025 953 807 629 1038 737 184 622 244 1047 1056 496 82 296 104 1045 410 1118 188 914 277 258 1189 617 448 815 733 576 642 537 770 456 431 366 26 258 1102 362 1032 287 350 1029 934 431 114 1038 265 675 945 604 530 11 1014 509 627 251 113 302 978 906 990 537 304 210 902 329 619 945 690 592 21 1191 411 955 411 676 934 828 293 668 221 822 678 24 272 247 427 
584 380
574 342
589 203
405 110
346 83
280 541
475 42
103 565
334 9
258 571
62 85
365 249
487 277
429 51
588 447
259 324
226 232
65 566
186 469
75 532
303 354
472 529
147 326
246 232
335 503
555 396
587 319
397 473
347 225
275 87
71 533
410 48
517 226
13 102
446 439
33 500
192 256
429 91
582 74
74 316
576 28
463 314
99 259
186 445
235 213
531 305
145 92
104 61
317 116
163 162
554 547
414 498
203 242
340 184
315 413
251 42
193 465
355 291
124 292
135 358
504 418
415 401
509 518
213 226
386 375
139 91
322 552
588 276
545 79
459 259
492 461
52 84
325 158
126 200
202 260
310 457
77 124
257 338
393 470
563 530
596 453
21 69
405 360
344 349
439 554
360 330
166 163
165 491
73 290
442 274
301 151
274 139
467 419
360 181
348 355
33 120
176 189
480 519
538 70
225 49
151 390
563 315
32 35
356 474
308 408
24 190
537 50
328 155
468 87
335 567
193 368
439 368
556 70
39 245
139 263
45 289
404 8
3 436
42 110
309 102
517 332
291 206
381 370
360 600
208 95
319 400
214 509
520 521
578 310
518 116
324 314
404 127
321 158
562 115
19 270
216 535
354 258
140 486
27 252
238 234
346 308
385 311
216 56
231 193
117 500
308 440
214 463
567 286
372 280
400 390
302 367
324 55
376 216
540 402
467 177
387 564
484 524
274 99
331 256
43 448
508 350
39 121
564 357
406 335
37 558
124 338
76 200
392 452
415 83
5 33
260 144
596 495
419 269
346 149
276 388
348 183
490 387
303 453
143 461
540 531
170 63
268 597
262 411
200 428
494 205
460 505
100 455
151 518
475 496
66 151
284 414
85 525
552 140
377 94
600 316
25 521
131 44
517 144
207 117
572 100
73 183
356 172
390 506
441 264
154 258
166 189
423 251
113 374
390 241
220 141
309 596
61 439
39 329
334 245
197 57
96 269
240 203
192 381
109 384
44 262
42 562
202 464
564 314
590 353
306 561
245 14
556 57
204 346
137 538
343 334
594 190
354 585
393 546
365 253
329 161
266 122
122 467
338 85
180 79
189 485
39 185
251 594
